IoU: 0.005600985773496135
IoU: 0.9011217282924803
